{
 "cells": [
  {
   "cell_type": "markdown",
   "id": "d7c93dfb-d543-4167-bb6b-be20101909ac",
   "metadata": {},
   "source": [
    "## Code Appendix"
   ]
  },
  {
   "cell_type": "code",
   "execution_count": 1,
   "id": "4d6955bd-c088-4bcc-8332-42803c35831a",
   "metadata": {},
   "outputs": [],
   "source": [
    "# 1. IMPORT LIBRARIES\n",
    "\n",
    "import pandas as pd\n",
    "import matplotlib.pyplot as plt\n",
    "import seaborn as sns\n"
   ]
  },
  {
   "cell_type": "code",
   "execution_count": 2,
   "id": "fe395710-da05-4585-8c54-71fdd2804c65",
   "metadata": {},
   "outputs": [
    {
     "data": {
      "text/html": [
       "<div>\n",
       "<style scoped>\n",
       "    .dataframe tbody tr th:only-of-type {\n",
       "        vertical-align: middle;\n",
       "    }\n",
       "\n",
       "    .dataframe tbody tr th {\n",
       "        vertical-align: top;\n",
       "    }\n",
       "\n",
       "    .dataframe thead th {\n",
       "        text-align: right;\n",
       "    }\n",
       "</style>\n",
       "<table border=\"1\" class=\"dataframe\">\n",
       "  <thead>\n",
       "    <tr style=\"text-align: right;\">\n",
       "      <th></th>\n",
       "      <th>Entity</th>\n",
       "      <th>Code</th>\n",
       "      <th>Year</th>\n",
       "      <th>Annual CO₂ emissions (per capita)</th>\n",
       "    </tr>\n",
       "  </thead>\n",
       "  <tbody>\n",
       "    <tr>\n",
       "      <th>0</th>\n",
       "      <td>Afghanistan</td>\n",
       "      <td>AFG</td>\n",
       "      <td>1949</td>\n",
       "      <td>0.001992</td>\n",
       "    </tr>\n",
       "    <tr>\n",
       "      <th>1</th>\n",
       "      <td>Afghanistan</td>\n",
       "      <td>AFG</td>\n",
       "      <td>1950</td>\n",
       "      <td>0.010837</td>\n",
       "    </tr>\n",
       "    <tr>\n",
       "      <th>2</th>\n",
       "      <td>Afghanistan</td>\n",
       "      <td>AFG</td>\n",
       "      <td>1951</td>\n",
       "      <td>0.011625</td>\n",
       "    </tr>\n",
       "    <tr>\n",
       "      <th>3</th>\n",
       "      <td>Afghanistan</td>\n",
       "      <td>AFG</td>\n",
       "      <td>1952</td>\n",
       "      <td>0.011468</td>\n",
       "    </tr>\n",
       "    <tr>\n",
       "      <th>4</th>\n",
       "      <td>Afghanistan</td>\n",
       "      <td>AFG</td>\n",
       "      <td>1953</td>\n",
       "      <td>0.013123</td>\n",
       "    </tr>\n",
       "  </tbody>\n",
       "</table>\n",
       "</div>"
      ],
      "text/plain": [
       "        Entity Code  Year  Annual CO₂ emissions (per capita)\n",
       "0  Afghanistan  AFG  1949                           0.001992\n",
       "1  Afghanistan  AFG  1950                           0.010837\n",
       "2  Afghanistan  AFG  1951                           0.011625\n",
       "3  Afghanistan  AFG  1952                           0.011468\n",
       "4  Afghanistan  AFG  1953                           0.013123"
      ]
     },
     "execution_count": 2,
     "metadata": {},
     "output_type": "execute_result"
    }
   ],
   "source": [
    "# 2. LOAD DATA\n",
    "\n",
    "df = pd.read_csv(\"co2_emissions.csv\")\n",
    "\n",
    "# Look at the first 5 rows\n",
    "df.head()\n"
   ]
  },
  {
   "cell_type": "code",
   "execution_count": 3,
   "id": "55fadbfc-b3e4-4d4e-b5ec-8e401ad0c5c5",
   "metadata": {},
   "outputs": [
    {
     "data": {
      "text/plain": [
       "Index(['Entity', 'Code', 'Year', 'Annual CO₂ emissions (per capita)'], dtype='object')"
      ]
     },
     "execution_count": 3,
     "metadata": {},
     "output_type": "execute_result"
    }
   ],
   "source": [
    "df = pd.read_csv(\"co2_emissions.csv\")\n",
    "df.columns\n"
   ]
  },
  {
   "cell_type": "code",
   "execution_count": 4,
   "id": "6714905f-c180-40a5-9ec3-0ddd573b0ef1",
   "metadata": {},
   "outputs": [
    {
     "data": {
      "text/plain": [
       "Index(['Country', 'Code', 'Year', 'CO2'], dtype='object')"
      ]
     },
     "execution_count": 4,
     "metadata": {},
     "output_type": "execute_result"
    }
   ],
   "source": [
    "df = pd.read_csv(\"co2_emissions.csv\")\n",
    "\n",
    "df = df.rename(columns={\n",
    "    \"Entity\": \"Country\",\n",
    "    \"Year\": \"Year\",\n",
    "    \"Annual CO₂ emissions (per capita)\": \"CO2\"\n",
    "})\n",
    "\n",
    "df.columns\n"
   ]
  },
  {
   "cell_type": "code",
   "execution_count": 5,
   "id": "d3c2a09b-013b-458e-a511-acbad1ecd1d0",
   "metadata": {},
   "outputs": [
    {
     "data": {
      "text/html": [
       "<div>\n",
       "<style scoped>\n",
       "    .dataframe tbody tr th:only-of-type {\n",
       "        vertical-align: middle;\n",
       "    }\n",
       "\n",
       "    .dataframe tbody tr th {\n",
       "        vertical-align: top;\n",
       "    }\n",
       "\n",
       "    .dataframe thead th {\n",
       "        text-align: right;\n",
       "    }\n",
       "</style>\n",
       "<table border=\"1\" class=\"dataframe\">\n",
       "  <thead>\n",
       "    <tr style=\"text-align: right;\">\n",
       "      <th></th>\n",
       "      <th>Country</th>\n",
       "      <th>Year</th>\n",
       "      <th>CO2</th>\n",
       "    </tr>\n",
       "  </thead>\n",
       "  <tbody>\n",
       "    <tr>\n",
       "      <th>0</th>\n",
       "      <td>Afghanistan</td>\n",
       "      <td>1949</td>\n",
       "      <td>0.001992</td>\n",
       "    </tr>\n",
       "    <tr>\n",
       "      <th>1</th>\n",
       "      <td>Afghanistan</td>\n",
       "      <td>1950</td>\n",
       "      <td>0.010837</td>\n",
       "    </tr>\n",
       "    <tr>\n",
       "      <th>2</th>\n",
       "      <td>Afghanistan</td>\n",
       "      <td>1951</td>\n",
       "      <td>0.011625</td>\n",
       "    </tr>\n",
       "    <tr>\n",
       "      <th>3</th>\n",
       "      <td>Afghanistan</td>\n",
       "      <td>1952</td>\n",
       "      <td>0.011468</td>\n",
       "    </tr>\n",
       "    <tr>\n",
       "      <th>4</th>\n",
       "      <td>Afghanistan</td>\n",
       "      <td>1953</td>\n",
       "      <td>0.013123</td>\n",
       "    </tr>\n",
       "  </tbody>\n",
       "</table>\n",
       "</div>"
      ],
      "text/plain": [
       "       Country  Year       CO2\n",
       "0  Afghanistan  1949  0.001992\n",
       "1  Afghanistan  1950  0.010837\n",
       "2  Afghanistan  1951  0.011625\n",
       "3  Afghanistan  1952  0.011468\n",
       "4  Afghanistan  1953  0.013123"
      ]
     },
     "execution_count": 5,
     "metadata": {},
     "output_type": "execute_result"
    }
   ],
   "source": [
    "df = df[[\"Country\", \"Year\", \"CO2\"]]\n",
    "df.head()\n"
   ]
  },
  {
   "cell_type": "code",
   "execution_count": 6,
   "id": "7a6da6af-7e00-4357-a619-fe45eeaee3f0",
   "metadata": {},
   "outputs": [
    {
     "data": {
      "text/html": [
       "<div>\n",
       "<style scoped>\n",
       "    .dataframe tbody tr th:only-of-type {\n",
       "        vertical-align: middle;\n",
       "    }\n",
       "\n",
       "    .dataframe tbody tr th {\n",
       "        vertical-align: top;\n",
       "    }\n",
       "\n",
       "    .dataframe thead th {\n",
       "        text-align: right;\n",
       "    }\n",
       "</style>\n",
       "<table border=\"1\" class=\"dataframe\">\n",
       "  <thead>\n",
       "    <tr style=\"text-align: right;\">\n",
       "      <th></th>\n",
       "      <th>Country</th>\n",
       "      <th>Year</th>\n",
       "      <th>CO2</th>\n",
       "    </tr>\n",
       "  </thead>\n",
       "  <tbody>\n",
       "    <tr>\n",
       "      <th>1517</th>\n",
       "      <td>Australia</td>\n",
       "      <td>1750</td>\n",
       "      <td>0.0</td>\n",
       "    </tr>\n",
       "    <tr>\n",
       "      <th>1518</th>\n",
       "      <td>Australia</td>\n",
       "      <td>1760</td>\n",
       "      <td>0.0</td>\n",
       "    </tr>\n",
       "    <tr>\n",
       "      <th>1519</th>\n",
       "      <td>Australia</td>\n",
       "      <td>1770</td>\n",
       "      <td>0.0</td>\n",
       "    </tr>\n",
       "    <tr>\n",
       "      <th>1520</th>\n",
       "      <td>Australia</td>\n",
       "      <td>1780</td>\n",
       "      <td>0.0</td>\n",
       "    </tr>\n",
       "    <tr>\n",
       "      <th>1521</th>\n",
       "      <td>Australia</td>\n",
       "      <td>1790</td>\n",
       "      <td>0.0</td>\n",
       "    </tr>\n",
       "  </tbody>\n",
       "</table>\n",
       "</div>"
      ],
      "text/plain": [
       "        Country  Year  CO2\n",
       "1517  Australia  1750  0.0\n",
       "1518  Australia  1760  0.0\n",
       "1519  Australia  1770  0.0\n",
       "1520  Australia  1780  0.0\n",
       "1521  Australia  1790  0.0"
      ]
     },
     "execution_count": 6,
     "metadata": {},
     "output_type": "execute_result"
    }
   ],
   "source": [
    "# Define countries of interest\n",
    "countries = [\"Germany\", \"United States\", \"China\", \"India\", \"Australia\"]\n",
    "\n",
    "# Filter the dataset to include only these countries\n",
    "df_filtered = df[df[\"Country\"].isin(countries)]\n",
    "\n",
    "# Preview the filtered data\n",
    "df_filtered.head()\n"
   ]
  },
  {
   "cell_type": "code",
   "execution_count": 7,
   "id": "6934fe9b-2c62-411d-8c1c-1bb7bd90f5a9",
   "metadata": {},
   "outputs": [],
   "source": [
    "# Sort the data to prepare for time-series analysis\n",
    "df_filtered = df_filtered.sort_values(by=[\"Country\", \"Year\"])\n"
   ]
  },
  {
   "cell_type": "code",
   "execution_count": 8,
   "id": "1fe96f0d-3328-43f8-8b00-68275cc221ab",
   "metadata": {},
   "outputs": [
    {
     "data": {
      "text/html": [
       "<div>\n",
       "<style scoped>\n",
       "    .dataframe tbody tr th:only-of-type {\n",
       "        vertical-align: middle;\n",
       "    }\n",
       "\n",
       "    .dataframe tbody tr th {\n",
       "        vertical-align: top;\n",
       "    }\n",
       "\n",
       "    .dataframe thead th {\n",
       "        text-align: right;\n",
       "    }\n",
       "</style>\n",
       "<table border=\"1\" class=\"dataframe\">\n",
       "  <thead>\n",
       "    <tr style=\"text-align: right;\">\n",
       "      <th></th>\n",
       "      <th>Country</th>\n",
       "      <th>Year</th>\n",
       "      <th>CO2</th>\n",
       "      <th>CO2_change_pct</th>\n",
       "    </tr>\n",
       "  </thead>\n",
       "  <tbody>\n",
       "    <tr>\n",
       "      <th>1517</th>\n",
       "      <td>Australia</td>\n",
       "      <td>1750</td>\n",
       "      <td>0.0</td>\n",
       "      <td>NaN</td>\n",
       "    </tr>\n",
       "    <tr>\n",
       "      <th>1518</th>\n",
       "      <td>Australia</td>\n",
       "      <td>1760</td>\n",
       "      <td>0.0</td>\n",
       "      <td>NaN</td>\n",
       "    </tr>\n",
       "    <tr>\n",
       "      <th>1519</th>\n",
       "      <td>Australia</td>\n",
       "      <td>1770</td>\n",
       "      <td>0.0</td>\n",
       "      <td>NaN</td>\n",
       "    </tr>\n",
       "    <tr>\n",
       "      <th>1520</th>\n",
       "      <td>Australia</td>\n",
       "      <td>1780</td>\n",
       "      <td>0.0</td>\n",
       "      <td>NaN</td>\n",
       "    </tr>\n",
       "    <tr>\n",
       "      <th>1521</th>\n",
       "      <td>Australia</td>\n",
       "      <td>1790</td>\n",
       "      <td>0.0</td>\n",
       "      <td>NaN</td>\n",
       "    </tr>\n",
       "    <tr>\n",
       "      <th>1522</th>\n",
       "      <td>Australia</td>\n",
       "      <td>1800</td>\n",
       "      <td>0.0</td>\n",
       "      <td>NaN</td>\n",
       "    </tr>\n",
       "    <tr>\n",
       "      <th>1523</th>\n",
       "      <td>Australia</td>\n",
       "      <td>1801</td>\n",
       "      <td>0.0</td>\n",
       "      <td>NaN</td>\n",
       "    </tr>\n",
       "    <tr>\n",
       "      <th>1524</th>\n",
       "      <td>Australia</td>\n",
       "      <td>1802</td>\n",
       "      <td>0.0</td>\n",
       "      <td>NaN</td>\n",
       "    </tr>\n",
       "    <tr>\n",
       "      <th>1525</th>\n",
       "      <td>Australia</td>\n",
       "      <td>1803</td>\n",
       "      <td>0.0</td>\n",
       "      <td>NaN</td>\n",
       "    </tr>\n",
       "    <tr>\n",
       "      <th>1526</th>\n",
       "      <td>Australia</td>\n",
       "      <td>1804</td>\n",
       "      <td>0.0</td>\n",
       "      <td>NaN</td>\n",
       "    </tr>\n",
       "  </tbody>\n",
       "</table>\n",
       "</div>"
      ],
      "text/plain": [
       "        Country  Year  CO2  CO2_change_pct\n",
       "1517  Australia  1750  0.0             NaN\n",
       "1518  Australia  1760  0.0             NaN\n",
       "1519  Australia  1770  0.0             NaN\n",
       "1520  Australia  1780  0.0             NaN\n",
       "1521  Australia  1790  0.0             NaN\n",
       "1522  Australia  1800  0.0             NaN\n",
       "1523  Australia  1801  0.0             NaN\n",
       "1524  Australia  1802  0.0             NaN\n",
       "1525  Australia  1803  0.0             NaN\n",
       "1526  Australia  1804  0.0             NaN"
      ]
     },
     "execution_count": 8,
     "metadata": {},
     "output_type": "execute_result"
    }
   ],
   "source": [
    "# Compute percentage change in CO2 emissions per capita\n",
    "df_filtered[\"CO2_change_pct\"] = df_filtered.groupby(\"Country\")[\"CO2\"].pct_change() * 100\n",
    "\n",
    "# Preview the result\n",
    "df_filtered.head(10)\n"
   ]
  },
  {
   "cell_type": "code",
   "execution_count": 9,
   "id": "d583f2a4-15d4-4157-9608-f7661b030d33",
   "metadata": {},
   "outputs": [
    {
     "data": {
      "text/html": [
       "<div>\n",
       "<style scoped>\n",
       "    .dataframe tbody tr th:only-of-type {\n",
       "        vertical-align: middle;\n",
       "    }\n",
       "\n",
       "    .dataframe tbody tr th {\n",
       "        vertical-align: top;\n",
       "    }\n",
       "\n",
       "    .dataframe thead th {\n",
       "        text-align: right;\n",
       "    }\n",
       "</style>\n",
       "<table border=\"1\" class=\"dataframe\">\n",
       "  <thead>\n",
       "    <tr style=\"text-align: right;\">\n",
       "      <th></th>\n",
       "      <th>count</th>\n",
       "      <th>mean</th>\n",
       "      <th>std</th>\n",
       "      <th>min</th>\n",
       "      <th>25%</th>\n",
       "      <th>50%</th>\n",
       "      <th>75%</th>\n",
       "      <th>max</th>\n",
       "    </tr>\n",
       "    <tr>\n",
       "      <th>Country</th>\n",
       "      <th></th>\n",
       "      <th></th>\n",
       "      <th></th>\n",
       "      <th></th>\n",
       "      <th></th>\n",
       "      <th></th>\n",
       "      <th></th>\n",
       "      <th></th>\n",
       "    </tr>\n",
       "  </thead>\n",
       "  <tbody>\n",
       "    <tr>\n",
       "      <th>Australia</th>\n",
       "      <td>230.0</td>\n",
       "      <td>5.749376</td>\n",
       "      <td>6.261364</td>\n",
       "      <td>0.000000</td>\n",
       "      <td>0.184453</td>\n",
       "      <td>3.657280</td>\n",
       "      <td>10.265842</td>\n",
       "      <td>19.055769</td>\n",
       "    </tr>\n",
       "    <tr>\n",
       "      <th>China</th>\n",
       "      <td>118.0</td>\n",
       "      <td>1.925319</td>\n",
       "      <td>2.483572</td>\n",
       "      <td>0.039899</td>\n",
       "      <td>0.107790</td>\n",
       "      <td>0.785974</td>\n",
       "      <td>2.651599</td>\n",
       "      <td>8.658390</td>\n",
       "    </tr>\n",
       "    <tr>\n",
       "      <th>Germany</th>\n",
       "      <td>225.0</td>\n",
       "      <td>5.881793</td>\n",
       "      <td>4.676867</td>\n",
       "      <td>0.028306</td>\n",
       "      <td>0.878163</td>\n",
       "      <td>5.908997</td>\n",
       "      <td>10.060916</td>\n",
       "      <td>14.302951</td>\n",
       "    </tr>\n",
       "    <tr>\n",
       "      <th>India</th>\n",
       "      <td>156.0</td>\n",
       "      <td>0.414751</td>\n",
       "      <td>0.533404</td>\n",
       "      <td>0.001631</td>\n",
       "      <td>0.078294</td>\n",
       "      <td>0.146474</td>\n",
       "      <td>0.520740</td>\n",
       "      <td>2.200978</td>\n",
       "    </tr>\n",
       "    <tr>\n",
       "      <th>United States</th>\n",
       "      <td>225.0</td>\n",
       "      <td>10.163691</td>\n",
       "      <td>7.906213</td>\n",
       "      <td>0.042136</td>\n",
       "      <td>1.394424</td>\n",
       "      <td>12.289558</td>\n",
       "      <td>16.929342</td>\n",
       "      <td>22.221300</td>\n",
       "    </tr>\n",
       "  </tbody>\n",
       "</table>\n",
       "</div>"
      ],
      "text/plain": [
       "               count       mean       std       min       25%        50%  \\\n",
       "Country                                                                    \n",
       "Australia      230.0   5.749376  6.261364  0.000000  0.184453   3.657280   \n",
       "China          118.0   1.925319  2.483572  0.039899  0.107790   0.785974   \n",
       "Germany        225.0   5.881793  4.676867  0.028306  0.878163   5.908997   \n",
       "India          156.0   0.414751  0.533404  0.001631  0.078294   0.146474   \n",
       "United States  225.0  10.163691  7.906213  0.042136  1.394424  12.289558   \n",
       "\n",
       "                     75%        max  \n",
       "Country                              \n",
       "Australia      10.265842  19.055769  \n",
       "China           2.651599   8.658390  \n",
       "Germany        10.060916  14.302951  \n",
       "India           0.520740   2.200978  \n",
       "United States  16.929342  22.221300  "
      ]
     },
     "execution_count": 9,
     "metadata": {},
     "output_type": "execute_result"
    }
   ],
   "source": [
    "summary = df_filtered.groupby(\"Country\")[\"CO2\"].describe()\n",
    "summary\n"
   ]
  },
  {
   "cell_type": "code",
   "execution_count": 10,
   "id": "e3a4ff77-28d1-46f9-bc78-2db1f6ea36c7",
   "metadata": {},
   "outputs": [
    {
     "data": {
      "text/html": [
       "<div>\n",
       "<style scoped>\n",
       "    .dataframe tbody tr th:only-of-type {\n",
       "        vertical-align: middle;\n",
       "    }\n",
       "\n",
       "    .dataframe tbody tr th {\n",
       "        vertical-align: top;\n",
       "    }\n",
       "\n",
       "    .dataframe thead th {\n",
       "        text-align: right;\n",
       "    }\n",
       "</style>\n",
       "<table border=\"1\" class=\"dataframe\">\n",
       "  <thead>\n",
       "    <tr style=\"text-align: right;\">\n",
       "      <th></th>\n",
       "      <th>count</th>\n",
       "      <th>mean</th>\n",
       "      <th>std</th>\n",
       "      <th>min</th>\n",
       "      <th>25%</th>\n",
       "      <th>50%</th>\n",
       "      <th>75%</th>\n",
       "      <th>max</th>\n",
       "    </tr>\n",
       "    <tr>\n",
       "      <th>Country</th>\n",
       "      <th></th>\n",
       "      <th></th>\n",
       "      <th></th>\n",
       "      <th></th>\n",
       "      <th></th>\n",
       "      <th></th>\n",
       "      <th></th>\n",
       "      <th></th>\n",
       "    </tr>\n",
       "  </thead>\n",
       "  <tbody>\n",
       "    <tr>\n",
       "      <th>United States</th>\n",
       "      <td>225.0</td>\n",
       "      <td>10.163691</td>\n",
       "      <td>7.906213</td>\n",
       "      <td>0.042136</td>\n",
       "      <td>1.394424</td>\n",
       "      <td>12.289558</td>\n",
       "      <td>16.929342</td>\n",
       "      <td>22.221300</td>\n",
       "    </tr>\n",
       "    <tr>\n",
       "      <th>Germany</th>\n",
       "      <td>225.0</td>\n",
       "      <td>5.881793</td>\n",
       "      <td>4.676867</td>\n",
       "      <td>0.028306</td>\n",
       "      <td>0.878163</td>\n",
       "      <td>5.908997</td>\n",
       "      <td>10.060916</td>\n",
       "      <td>14.302951</td>\n",
       "    </tr>\n",
       "    <tr>\n",
       "      <th>Australia</th>\n",
       "      <td>230.0</td>\n",
       "      <td>5.749376</td>\n",
       "      <td>6.261364</td>\n",
       "      <td>0.000000</td>\n",
       "      <td>0.184453</td>\n",
       "      <td>3.657280</td>\n",
       "      <td>10.265842</td>\n",
       "      <td>19.055769</td>\n",
       "    </tr>\n",
       "    <tr>\n",
       "      <th>China</th>\n",
       "      <td>118.0</td>\n",
       "      <td>1.925319</td>\n",
       "      <td>2.483572</td>\n",
       "      <td>0.039899</td>\n",
       "      <td>0.107790</td>\n",
       "      <td>0.785974</td>\n",
       "      <td>2.651599</td>\n",
       "      <td>8.658390</td>\n",
       "    </tr>\n",
       "    <tr>\n",
       "      <th>India</th>\n",
       "      <td>156.0</td>\n",
       "      <td>0.414751</td>\n",
       "      <td>0.533404</td>\n",
       "      <td>0.001631</td>\n",
       "      <td>0.078294</td>\n",
       "      <td>0.146474</td>\n",
       "      <td>0.520740</td>\n",
       "      <td>2.200978</td>\n",
       "    </tr>\n",
       "  </tbody>\n",
       "</table>\n",
       "</div>"
      ],
      "text/plain": [
       "               count       mean       std       min       25%        50%  \\\n",
       "Country                                                                    \n",
       "United States  225.0  10.163691  7.906213  0.042136  1.394424  12.289558   \n",
       "Germany        225.0   5.881793  4.676867  0.028306  0.878163   5.908997   \n",
       "Australia      230.0   5.749376  6.261364  0.000000  0.184453   3.657280   \n",
       "China          118.0   1.925319  2.483572  0.039899  0.107790   0.785974   \n",
       "India          156.0   0.414751  0.533404  0.001631  0.078294   0.146474   \n",
       "\n",
       "                     75%        max  \n",
       "Country                              \n",
       "United States  16.929342  22.221300  \n",
       "Germany        10.060916  14.302951  \n",
       "Australia      10.265842  19.055769  \n",
       "China           2.651599   8.658390  \n",
       "India           0.520740   2.200978  "
      ]
     },
     "execution_count": 10,
     "metadata": {},
     "output_type": "execute_result"
    }
   ],
   "source": [
    "summary.sort_values(\"mean\", ascending=False)\n"
   ]
  },
  {
   "cell_type": "code",
   "execution_count": 11,
   "id": "49a09105-4d98-41ee-94f1-3a4743d75576",
   "metadata": {},
   "outputs": [
    {
     "data": {
      "text/html": [
       "<div>\n",
       "<style scoped>\n",
       "    .dataframe tbody tr th:only-of-type {\n",
       "        vertical-align: middle;\n",
       "    }\n",
       "\n",
       "    .dataframe tbody tr th {\n",
       "        vertical-align: top;\n",
       "    }\n",
       "\n",
       "    .dataframe thead th {\n",
       "        text-align: right;\n",
       "    }\n",
       "</style>\n",
       "<table border=\"1\" class=\"dataframe\">\n",
       "  <thead>\n",
       "    <tr style=\"text-align: right;\">\n",
       "      <th></th>\n",
       "      <th>count</th>\n",
       "      <th>mean</th>\n",
       "      <th>std</th>\n",
       "      <th>min</th>\n",
       "      <th>25%</th>\n",
       "      <th>50%</th>\n",
       "      <th>75%</th>\n",
       "      <th>max</th>\n",
       "    </tr>\n",
       "    <tr>\n",
       "      <th>Country</th>\n",
       "      <th></th>\n",
       "      <th></th>\n",
       "      <th></th>\n",
       "      <th></th>\n",
       "      <th></th>\n",
       "      <th></th>\n",
       "      <th></th>\n",
       "      <th></th>\n",
       "    </tr>\n",
       "  </thead>\n",
       "  <tbody>\n",
       "    <tr>\n",
       "      <th>United States</th>\n",
       "      <td>225.0</td>\n",
       "      <td>10.163691</td>\n",
       "      <td>7.906213</td>\n",
       "      <td>0.042136</td>\n",
       "      <td>1.394424</td>\n",
       "      <td>12.289558</td>\n",
       "      <td>16.929342</td>\n",
       "      <td>22.221300</td>\n",
       "    </tr>\n",
       "    <tr>\n",
       "      <th>Australia</th>\n",
       "      <td>230.0</td>\n",
       "      <td>5.749376</td>\n",
       "      <td>6.261364</td>\n",
       "      <td>0.000000</td>\n",
       "      <td>0.184453</td>\n",
       "      <td>3.657280</td>\n",
       "      <td>10.265842</td>\n",
       "      <td>19.055769</td>\n",
       "    </tr>\n",
       "    <tr>\n",
       "      <th>Germany</th>\n",
       "      <td>225.0</td>\n",
       "      <td>5.881793</td>\n",
       "      <td>4.676867</td>\n",
       "      <td>0.028306</td>\n",
       "      <td>0.878163</td>\n",
       "      <td>5.908997</td>\n",
       "      <td>10.060916</td>\n",
       "      <td>14.302951</td>\n",
       "    </tr>\n",
       "    <tr>\n",
       "      <th>China</th>\n",
       "      <td>118.0</td>\n",
       "      <td>1.925319</td>\n",
       "      <td>2.483572</td>\n",
       "      <td>0.039899</td>\n",
       "      <td>0.107790</td>\n",
       "      <td>0.785974</td>\n",
       "      <td>2.651599</td>\n",
       "      <td>8.658390</td>\n",
       "    </tr>\n",
       "    <tr>\n",
       "      <th>India</th>\n",
       "      <td>156.0</td>\n",
       "      <td>0.414751</td>\n",
       "      <td>0.533404</td>\n",
       "      <td>0.001631</td>\n",
       "      <td>0.078294</td>\n",
       "      <td>0.146474</td>\n",
       "      <td>0.520740</td>\n",
       "      <td>2.200978</td>\n",
       "    </tr>\n",
       "  </tbody>\n",
       "</table>\n",
       "</div>"
      ],
      "text/plain": [
       "               count       mean       std       min       25%        50%  \\\n",
       "Country                                                                    \n",
       "United States  225.0  10.163691  7.906213  0.042136  1.394424  12.289558   \n",
       "Australia      230.0   5.749376  6.261364  0.000000  0.184453   3.657280   \n",
       "Germany        225.0   5.881793  4.676867  0.028306  0.878163   5.908997   \n",
       "China          118.0   1.925319  2.483572  0.039899  0.107790   0.785974   \n",
       "India          156.0   0.414751  0.533404  0.001631  0.078294   0.146474   \n",
       "\n",
       "                     75%        max  \n",
       "Country                              \n",
       "United States  16.929342  22.221300  \n",
       "Australia      10.265842  19.055769  \n",
       "Germany        10.060916  14.302951  \n",
       "China           2.651599   8.658390  \n",
       "India           0.520740   2.200978  "
      ]
     },
     "execution_count": 11,
     "metadata": {},
     "output_type": "execute_result"
    }
   ],
   "source": [
    "summary.sort_values(\"max\", ascending=False)\n"
   ]
  },
  {
   "cell_type": "code",
   "execution_count": 12,
   "id": "143fd4c5-779b-4bfe-9046-71597b47006a",
   "metadata": {},
   "outputs": [
    {
     "data": {
      "text/html": [
       "<div>\n",
       "<style scoped>\n",
       "    .dataframe tbody tr th:only-of-type {\n",
       "        vertical-align: middle;\n",
       "    }\n",
       "\n",
       "    .dataframe tbody tr th {\n",
       "        vertical-align: top;\n",
       "    }\n",
       "\n",
       "    .dataframe thead th {\n",
       "        text-align: right;\n",
       "    }\n",
       "</style>\n",
       "<table border=\"1\" class=\"dataframe\">\n",
       "  <thead>\n",
       "    <tr style=\"text-align: right;\">\n",
       "      <th></th>\n",
       "      <th>count</th>\n",
       "      <th>mean</th>\n",
       "      <th>std</th>\n",
       "      <th>min</th>\n",
       "      <th>25%</th>\n",
       "      <th>50%</th>\n",
       "      <th>75%</th>\n",
       "      <th>max</th>\n",
       "      <th>volatility</th>\n",
       "    </tr>\n",
       "    <tr>\n",
       "      <th>Country</th>\n",
       "      <th></th>\n",
       "      <th></th>\n",
       "      <th></th>\n",
       "      <th></th>\n",
       "      <th></th>\n",
       "      <th></th>\n",
       "      <th></th>\n",
       "      <th></th>\n",
       "      <th></th>\n",
       "    </tr>\n",
       "  </thead>\n",
       "  <tbody>\n",
       "    <tr>\n",
       "      <th>China</th>\n",
       "      <td>118.0</td>\n",
       "      <td>1.925319</td>\n",
       "      <td>2.483572</td>\n",
       "      <td>0.039899</td>\n",
       "      <td>0.107790</td>\n",
       "      <td>0.785974</td>\n",
       "      <td>2.651599</td>\n",
       "      <td>8.658390</td>\n",
       "      <td>1.289953</td>\n",
       "    </tr>\n",
       "    <tr>\n",
       "      <th>India</th>\n",
       "      <td>156.0</td>\n",
       "      <td>0.414751</td>\n",
       "      <td>0.533404</td>\n",
       "      <td>0.001631</td>\n",
       "      <td>0.078294</td>\n",
       "      <td>0.146474</td>\n",
       "      <td>0.520740</td>\n",
       "      <td>2.200978</td>\n",
       "      <td>1.286083</td>\n",
       "    </tr>\n",
       "    <tr>\n",
       "      <th>Australia</th>\n",
       "      <td>230.0</td>\n",
       "      <td>5.749376</td>\n",
       "      <td>6.261364</td>\n",
       "      <td>0.000000</td>\n",
       "      <td>0.184453</td>\n",
       "      <td>3.657280</td>\n",
       "      <td>10.265842</td>\n",
       "      <td>19.055769</td>\n",
       "      <td>1.089051</td>\n",
       "    </tr>\n",
       "    <tr>\n",
       "      <th>Germany</th>\n",
       "      <td>225.0</td>\n",
       "      <td>5.881793</td>\n",
       "      <td>4.676867</td>\n",
       "      <td>0.028306</td>\n",
       "      <td>0.878163</td>\n",
       "      <td>5.908997</td>\n",
       "      <td>10.060916</td>\n",
       "      <td>14.302951</td>\n",
       "      <td>0.795143</td>\n",
       "    </tr>\n",
       "    <tr>\n",
       "      <th>United States</th>\n",
       "      <td>225.0</td>\n",
       "      <td>10.163691</td>\n",
       "      <td>7.906213</td>\n",
       "      <td>0.042136</td>\n",
       "      <td>1.394424</td>\n",
       "      <td>12.289558</td>\n",
       "      <td>16.929342</td>\n",
       "      <td>22.221300</td>\n",
       "      <td>0.777888</td>\n",
       "    </tr>\n",
       "  </tbody>\n",
       "</table>\n",
       "</div>"
      ],
      "text/plain": [
       "               count       mean       std       min       25%        50%  \\\n",
       "Country                                                                    \n",
       "China          118.0   1.925319  2.483572  0.039899  0.107790   0.785974   \n",
       "India          156.0   0.414751  0.533404  0.001631  0.078294   0.146474   \n",
       "Australia      230.0   5.749376  6.261364  0.000000  0.184453   3.657280   \n",
       "Germany        225.0   5.881793  4.676867  0.028306  0.878163   5.908997   \n",
       "United States  225.0  10.163691  7.906213  0.042136  1.394424  12.289558   \n",
       "\n",
       "                     75%        max  volatility  \n",
       "Country                                          \n",
       "China           2.651599   8.658390    1.289953  \n",
       "India           0.520740   2.200978    1.286083  \n",
       "Australia      10.265842  19.055769    1.089051  \n",
       "Germany        10.060916  14.302951    0.795143  \n",
       "United States  16.929342  22.221300    0.777888  "
      ]
     },
     "execution_count": 12,
     "metadata": {},
     "output_type": "execute_result"
    }
   ],
   "source": [
    "summary[\"volatility\"] = summary[\"std\"] / summary[\"mean\"]\n",
    "summary.sort_values(\"volatility\", ascending=False)\n"
   ]
  },
  {
   "cell_type": "code",
   "execution_count": null,
   "id": "a2bb4e88-750e-447d-998e-09e510a7a795",
   "metadata": {},
   "outputs": [],
   "source": []
  }
 ],
 "metadata": {
  "kernelspec": {
   "display_name": "Python 3 (ipykernel)",
   "language": "python",
   "name": "python3"
  },
  "language_info": {
   "codemirror_mode": {
    "name": "ipython",
    "version": 3
   },
   "file_extension": ".py",
   "mimetype": "text/x-python",
   "name": "python",
   "nbconvert_exporter": "python",
   "pygments_lexer": "ipython3",
   "version": "3.13.5"
  }
 },
 "nbformat": 4,
 "nbformat_minor": 5
}
